2200 2500 3000 3.5 -90 
2201 2500 3000 3.5 -60 
2202 2500 3000 3.5 -45 
2203 2500 3000 3.5 -30 
2204 2500 3000 3.5 -20 
2205 2500 3000 3.5 -15 
2206 2500 3000 3.5 -10 
2207 2500 3000 3.5 -5  
2208 2500 3000 3.5  0  
2209 2500 3000 3.5  5  
2210 2500 3000 3.5  10 
2211 2500 3000 3.5  15 
2212 2500 3000 3.5  20 
2213 2500 3000 3.5  30 
2214 2500 3000 3.5  45 
2215 2500 3000 3.5  60 
2216 2500 3000 3.5  90 
4000 5000 3000 3.5 -90 
4001 5000 3000 3.5 -60 
4002 5000 3000 3.5 -45 
4003 5000 3000 3.5 -30 
4004 5000 3000 3.5 -20 
4005 5000 3000 3.5 -15 
4006 5000 3000 3.5 -10 
4007 5000 3000 3.5 -5  
4008 5000 3000 3.5  0  
4009 5000 3000 3.5  5  
4010 5000 3000 3.5  10 
4011 5000 3000 3.5  15 
4012 5000 3000 3.5  20 
4013 5000 3000 3.5  30 
4014 5000 3000 3.5  45 
4015 5000 3000 3.5  60 
4016 5000 3000 3.5  90 
