1000  15e-04  0     7.1  0 
1001  15e-04  100   7.1  0 
1002  15e-04  200   7.1  0 
1003  15e-04  300   7.1  0 
1004  15e-04  400   7.1  0 
1005  15e-04  500   7.1  0 
1006  15e-04  600   7.1  0 
1007  15e-04  700   7.1  0 
1008  15e-04  800   7.1  0 
1009  15e-04  900   7.1  0 
1010  15e-04  1000  7.1  0 
1011  15e-04  1100  7.1  0 
1012  15e-04  1200  7.1  0 
1013  15e-04  1300  7.1  0 
1014  15e-04  1400  7.1  0 
1015  15e-04  1500  7.1  0 
1100  0.125   0     7.1  0       
1101  0.125   100   7.1  0 
1102  0.125   200   7.1  0 
1103  0.125   300   7.1  0 
1104  0.125   400   7.1  0 
1105  0.125   500   7.1  0 
1106  0.125   600   7.1  0 
1107  0.125   700   7.1  0 
1108  0.125   800   7.1  0 
1109  0.125   900   7.1  0 
1110  0.125   1000  7.1  0 
1111  0.125   1100  7.1  0 
1112  0.125   1200  7.1  0 
1113  0.125   1300  7.1  0 
1114  0.125   1400  7.1  0 
1115  0.125   1500  7.1  0
1200  0.25    0     7.1  0
1201  0.25    100   7.1  0
1202  0.25    200   7.1  0
1203  0.25    300   7.1  0
1204  0.25    400   7.1  0
1205  0.25    500   7.1  0
1206  0.25    600   7.1  0
1207  0.25    700   7.1  0
1208  0.25    800   7.1  0
1209  0.25    900   7.1  0
1210  0.25    1000  7.1  0
1211  0.25    1100  7.1  0
1212  0.25    1200  7.1  0
1213  0.25    1300  7.1  0
1214  0.25    1400  7.1  0
1215  0.25    1500  7.1  0
1300  0.5     0     7.1  0
1301  0.5     100   7.1  0
1302  0.5     200   7.1  0
1303  0.5     300   7.1  0
1304  0.5     400   7.1  0
1305  0.5     500   7.1  0
1306  0.5     600   7.1  0
1307  0.5     700   7.1  0
1308  0.5     800   7.1  0
1309  0.5     900   7.1  0
1310  0.5     1000  7.1  0
1311  0.5     1100  7.1  0
1312  0.5     1200  7.1  0
1313  0.5     1300  7.1  0
1314  0.5     1400  7.1  0
1315  0.5     1500  7.1  0
