3000 20e-04    2650 3.5 0 
3001 20e-04    2700 3.5 0 
3002 20e-04    2750 3.5 0 
3003 20e-04    2800 3.5 0 
3004 20e-04    2850 3.5 0 
3005 20e-04    2900 3.5 0 
3006 20e-04    2950 3.5 0 
3007 20e-04    3000 3.5 0 
3008 20e-04    3050 3.5 0 
3009 20e-04    3100 3.5 0 
3010 1250e-04  2650 3.5 0 
3011 1250e-04  2700 3.5 0 
3012 1250e-04  2750 3.5 0 
3013 1250e-04  2800 3.5 0 
3014 1250e-04  2850 3.5 0 
3015 1250e-04  2900 3.5 0 
3016 1250e-04  2950 3.5 0 
3017 1250e-04  3000 3.5 0 
3018 1250e-04  3050 3.5 0 
3019 1250e-04  3100 3.5 0 
3020 2500e-04  2650 3.5 0 
3021 2500e-04  2700 3.5 0 
3022 2500e-04  2750 3.5 0 
3023 2500e-04  2800 3.5 0 
3024 2500e-04  2850 3.5 0 
3025 2500e-04  2900 3.5 0 
3026 2500e-04  2950 3.5 0 
3027 2500e-04  3000 3.5 0 
3028 2500e-04  3050 3.5 0 
3029 2500e-04  3100 3.5 0 
3030 3750e-04  2650 3.5 0 
3031 3750e-04  2700 3.5 0 
3032 3750e-04  2750 3.5 0 
3033 3750e-04  2800 3.5 0 
3034 3750e-04  2850 3.5 0 
3035 3750e-04  2900 3.5 0 
3036 3750e-04  2950 3.5 0 
3037 3750e-04  3000 3.5 0 
3038 3750e-04  3050 3.5 0 
3039 3750e-04  3100 3.5 0 
3040 5000e-04  2650 3.5 0 
3041 5000e-04  2700 3.5 0 
3042 5000e-04  2750 3.5 0 
3043 5000e-04  2800 3.5 0 
3044 5000e-04  2850 3.5 0 
3045 5000e-04  2900 3.5 0 
3046 5000e-04  2950 3.5 0 
3047 5000e-04  3000 3.5 0 
3048 5000e-04  3050 3.5 0 
3049 5000e-04  3100 3.5 0 
3050 6250e-04  2650 3.5 0 
3051 6250e-04  2700 3.5 0 
3052 6250e-04  2750 3.5 0 
3053 6250e-04  2800 3.5 0 
3054 6250e-04  2850 3.5 0 
3055 6250e-04  2900 3.5 0 
3056 6250e-04  2950 3.5 0 
3057 6250e-04  3000 3.5 0 
3058 6250e-04  3050 3.5 0 
3059 6250e-04  3100 3.5 0 
3060 7500e-04  2650 3.5 0 
3061 7500e-04  2700 3.5 0 
3062 7500e-04  2750 3.5 0 
3063 7500e-04  2800 3.5 0 
3064 7500e-04  2850 3.5 0 
3065 7500e-04  2900 3.5 0 
3066 7500e-04  2950 3.5 0 
3067 7500e-04  3000 3.5 0 
3068 7500e-04  3050 3.5 0 
3069 7500e-04  3100 3.5 0 
3070 8750e-04  2650 3.5 0 
3071 8750e-04  2700 3.5 0 
3072 8750e-04  2750 3.5 0 
3073 8750e-04  2800 3.5 0 
3074 8750e-04  2850 3.5 0 
3075 8750e-04  2900 3.5 0 
3076 8750e-04  2950 3.5 0 
3077 8750e-04  3000 3.5 0 
3078 8750e-04  3050 3.5 0 
3079 8750e-04  3100 3.5 0 
3080 10000e-04 2850 3.5 0
3081 10000e-04 2900 3.5 0
3082 10000e-04 2950 3.5 0
3083 10000e-04 3000 3.5 0
3084 10000e-04 3050 3.5 0
3085 10000e-04 3100 3.5 0
3090 11250e-04 2850 3.5 0
3091 11250e-04 2900 3.5 0
3092 11250e-04 2950 3.5 0
3093 11250e-04 3000 3.5 0
3094 11250e-04 3050 3.5 0
3095 11250e-04 3100 3.5 0
      
