9300  20e-04  0     7.1  0 
9301  20e-04  100   7.1  0 
9302  20e-04  200   7.1  0 
9303  20e-04  300   7.1  0 
9304  20e-04  400   7.1  0 
9305  20e-04  500   7.1  0 
9306  20e-04  600   7.1  0 
9307  20e-04  700   7.1  0 
9308  20e-04  800   7.1  0 
9309  20e-04  900   7.1  0 
9310  20e-04  1000  7.1  0 
9311  20e-04  1100  7.1  0 
9312  20e-04  1200  7.1  0 
9313  20e-04  1300  7.1  0 
9314  20e-04  1400  7.1  0 
9315  20e-04  1500  7.1  0 
9400  0.5     0     7.1  0       
9401  0.5     100   7.1  0 
9402  0.5     200   7.1  0 
9403  0.5     300   7.1  0 
9404  0.5     400   7.1  0 
9405  0.5     500   7.1  0 
9406  0.5     600   7.1  0 
9407  0.5     700   7.1  0 
9408  0.5     800   7.1  0 
9409  0.5     900   7.1  0 
9410  0.5     1000  7.1  0 
9411  0.5     1100  7.1  0 
9412  0.5     1200  7.1  0 
9413  0.5     1300  7.1  0 
9414  0.5     1400  7.1  0 
9415  0.5     1500  7.1  0
9500  1.0     0     7.1  0 
9501  1.0     100   7.1  0 
9502  1.0     200   7.1  0 
9503  1.0     300   7.1  0 
9504  1.0     400   7.1  0 
9505  1.0     500   7.1  0 
9506  1.0     600   7.1  0 
9507  1.0     700   7.1  0 
9508  1.0     800   7.1  0 
9509  1.0     900   7.1  0 
9510  1.0     1000  7.1  0 
9511  1.0     1100  7.1  0 
9512  1.0     1200  7.1  0 
9513  1.0     1300  7.1  0 
9514  1.0     1400  7.1  0 
9515  1.0     1500  7.1  0 
